Reacoes de apoio [N]
[[3900.00000276]
 [2899.99999670]
 [1599.99999633]]

Deslocamentos [m]
[[0.00000000]
 [0.00000000]
 [0.00100474]
 [-0.00431173]
 [0.00035977]
 [-0.00466313]
 [0.00025974]
 [-0.00443928]
 [0.00055859]
 [-0.00463759]
 [-0.00032427]
 [-0.00424778]
 [0.00116451]
 [0.00000000]]

Deformacoes []
[[-0.00639516]
 [-0.00449315]
 [-0.00377645]
 [-0.00352836]
 [-0.00075561]
 [0.00075561]
 [0.00191125]
 [-0.00191125]
 [0.00187379]
 [0.00103552]
 [0.00315587]]

Forcas internas [N]
[[-6484.59712737]
 [-4555.98849722]
 [-3829.26640398]
 [-3577.70875579]
 [-766.17964319]
 [766.17964215]
 [1937.98380865]
 [-1937.98381060]
 [1899.99999063]
 [1049.99999349]
 [3199.99999266]]

Tensoes internas [Pa]
[[-1235161357.59346938]
 [-867807332.80425799]
 [-729384076.94832397]
 [-681468334.43666637]
 [-145938979.65469098]
 [145938979.45623788]
 [369139773.07615769]
 [-369139773.44754791]
 [361904760.12064326]
 [199999998.76019737]
 [609523808.12557864]]

